1,2,3,4,5,6,7,8,9,10,11,12,13,14,15,16,17,18,19,20,21,22,23,24,25,26,27,28,29,30,31,32,33,34,35,36,37,38,39,40,41,42,43,44,45,46,47,48,49,50,51,52,53,54,55,56,57,58,59
60,61,62,63,64,65,66,67,68,69,70,71,72,73,74,75,76,77,78,79,80,81,82,83,84,85,86,87,88,89,90,91
//2 
1, ,3, ,5, ,7, ,9,  ,11,  ,13,  ,15,  ,17,  ,19,  ,21,  ,23,  ,25,  ,27,  ,29,  ,31,  ,33,  ,35,  ,37,  ,39,  ,41,  ,43,  ,45,  ,47,  ,49,  ,51,  ,53,  ,55,  ,57,  ,59
  ,61,  ,63,  ,65,  ,67,  ,69,  ,71,  ,73,  ,75,  ,77,  ,79,  ,81,  ,83,  ,85,  ,87,  ,89,  91
//3 
1, ,3, , , ,7, ,9,  ,  ,  ,13,  ,15,  ,  ,  ,19,  ,21,  ,  ,  ,25,  ,27,  ,  ,  ,31,  ,33,  ,  ,  ,37,  ,39,  ,  ,  ,43,  ,45,  ,  ,  ,49,  ,51,  ,  ,  ,55,  ,57,  ,
  ,61,  ,63,  ,  ,  ,67,  ,69,  ,  ,  ,73,  ,75,  ,  ,  ,79,  ,81,  ,  ,  ,85,  ,  ,87,  ,  91
//5
1, ,3, , , ,7, ,9,  ,  ,  ,  ,  ,15,  ,  ,  ,19,  ,21,  ,  ,  ,25,  ,  ,  ,  ,  ,31,  ,33,  ,  ,  ,37,  ,39,  ,  ,  ,  ,  ,45,  ,  ,  ,49,  ,51,  ,  ,  ,55,  ,  ,  , 
  ,61,  ,63,  ,  ,  ,67,  ,69,  ,  ,  ,  ,  ,75,  ,  ,  ,79,  ,81,  ,  ,  ,85,  ,  ,  ,  ,  91
//6
1, ,3, , , ,7, ,9,  ,  ,  ,  ,  ,15,  ,  ,  ,  ,  ,21,  ,  ,  ,25,  ,  ,  ,  ,  ,31,  ,33,  ,  ,  ,37,  ,  ,  ,  ,  ,  ,  ,45,  ,  ,  ,49,  ,51,  ,  ,  ,55,  ,  ,  ,


2*1(1)-0 = 2 
2*1(2)-0 = 4
2*1(3)-0 = 6

3*2(1)-1 = 5
3*2(2)-1 = 11
3*2(3)-1 = 17
3*2(12)-1= 65

5*3(1)-2 = 13
5*3(2)-3 = 27
5*3(3)-2 = 43
5*3(4)-3 = 57
5*3(5)-2 = 73 
5*3(6)-3 = 87


6*4(1) - 5 = 19
6*4(2) - 9 = 39
6*4(3) - 9 = 63
6*4(4) - 11 = 85


